3246
5365
2917
1380
731
3579
2229
1515
3592
1956
3517
1043
1960
3501
1873
4860
5379
1312
1287
4868
2867
1317
1010
2939
4339
3243
602
1313
3602
4878
1959
5517
4531
1781
978
2023
4532
4982
2897
1924
843
3474
3409
367
1544
902
4230
5511
1741
3152
4160
2921
2543
5469
3888
1506
3263
3601
3670
2580
3828
3595
2810
5524
4760
4590
3865
945
1095
5757
3889
1065
2874
1030
3582
663
3407
2707
1223
281
742
3053
2334
2936
349
5446
1123
4721
2314
1684
481
2544
1767
1759
1588
2329
875
26
4549
613
4595
4831
274
286
5625
1247
1671
5531
5520
1581
4270
4154
1521
1865
1645
1124
2125
18
5521
4874
436
3446
3240
1256
2599
5393
1122
2538
1935
2188
2288
4153
492
1866
3045
3537
4236
2970
2624
1546
4459
5110
3159
4901
205
3593
1900
4217
4471
5438
364
1459
3694
1503
929
5544
5727
3538
3300
1385
4953
